7.017143873036476629e-21
1.913030341935944344e-20
4.536170630416917506e-20
1.131703683527802418e-19
2.365970226336393295e-19
3.639657253097362436e-19
3.990390649943895953e-19
4.497556099468581798e-19
4.433717126984525850e-19
4.743765312686839302e-19
4.154168825321422568e-19
4.509846230034682974e-19
4.559439079870105726e-19
4.435107932379412838e-19
4.318190352865649846e-19
4.562499669554108172e-19
4.351128607974179547e-19
4.681199551788088489e-19
4.501430488259387886e-19
4.587010963728056514e-19
5.644599787230537249e-19
7.532644157401633447e-19
1.351578505230210293e-18
2.595815620006064393e-18
6.688175011577355237e-18
1.767688432182643781e-17
4.138564117499974723e-17
1.173855639734742418e-16
3.047573930527442578e-16
