1.364040241526850451e-20
3.777316135030622650e-20
8.999636062682504369e-20
2.229938654865645434e-19
4.442181714834171080e-19
7.409936747615321170e-19
8.141640000182783460e-19
8.953713306894685786e-19
8.678230995389611504e-19
9.220442068306598512e-19
8.641715436899973916e-19
8.650827715440908700e-19
9.437539138238055518e-19
8.820026908898949153e-19
8.282804279775298901e-19
8.764331629289935583e-19
8.864895321052806619e-19
9.084716192372089289e-19
9.132170782294191539e-19
9.503803379002053079e-19
1.123866968325390939e-18
1.536426010962594681e-18
2.701979412300919864e-18
5.348191587781350882e-18
1.337036462840337385e-17
3.587103348413080357e-17
8.136792534285294700e-17
2.286006659399370235e-16
6.136603964100097101e-16
