9.450000000000000000e+02
1.062000000000000000e+03
1.152000000000000000e+03
1.190000000000000000e+03
1.314000000000000000e+03
1.370000000000000000e+03
1.573000000000000000e+03
1.546000000000000000e+03
1.922000000000000000e+03
2.130000000000000000e+03
2.194000000000000000e+03
2.665000000000000000e+03
3.051000000000000000e+03
3.133000000000000000e+03
3.649000000000000000e+03
4.051000000000000000e+03
4.946000000000000000e+03
5.817000000000000000e+03
7.259000000000000000e+03
8.121000000000000000e+03
1.002300000000000000e+04
1.292600000000000000e+04
1.610500000000000000e+04
2.465700000000000000e+04
3.693400000000000000e+04
5.566500000000000000e+04
9.256000000000000000e+04
1.764010000000000000e+05
4.718450000000000000e+05
