7.319309502387284427e-21
1.762425473797546275e-20
4.149456952247891660e-20
8.957093349954152940e-20
1.636982493974907094e-19
2.034717612938103857e-19
2.118357872713203156e-19
2.124775021927942677e-19
2.237827339858873707e-19
2.231429846271940018e-19
2.247476916024973981e-19
2.349232227265509749e-19
2.205612345572057155e-19
2.213991252686585858e-19
2.157343660123088393e-19
2.207717663748956839e-19
2.195538686350303385e-19
2.223831140368293762e-19
2.314496833899104974e-19
2.417843265350165216e-19
2.864947054707517006e-19
4.025213177366612690e-19
7.165957049325091417e-19
1.529558060197262336e-18
4.065724338530143858e-18
8.832990574078752066e-18
2.231705770554077918e-17
5.422730481528812680e-17
1.412804307330264610e-16
