6.623258542232029382e-21
1.864285793094678306e-20
4.463465432265586262e-20
1.098234971337843015e-19
2.076211488497778026e-19
3.770279494517958253e-19
4.151249350238887507e-19
4.456157207426104952e-19
4.244513868405086136e-19
4.476676755619759210e-19
4.487546611578550867e-19
4.140981485406226208e-19
4.878100058367949792e-19
4.384918976519537278e-19
3.964613926909649536e-19
4.201831959735827893e-19
4.513766713078628035e-19
4.403516640583999837e-19
4.630740294034803653e-19
4.916792415273996565e-19
5.594069896023372141e-19
7.831615952224313368e-19
1.350400907070709570e-18
2.752375967775286489e-18
6.682189616826019383e-18
1.819414916230436576e-17
3.998228416785319977e-17
1.112151019664627570e-16
3.089030033572655016e-16
