1.476615545892136751e-20
3.662669092195957919e-20
8.982686933338047281e-20
2.039505027630778399e-19
3.645447927976505293e-19
5.616023723657792324e-19
7.030676601007367693e-19
6.866619368532108733e-19
6.511430596015455520e-19
6.413788439685450808e-19
6.539452361812591918e-19
6.931909598102823502e-19
6.475224387976965530e-19
6.698668758925947541e-19
6.758654691227947071e-19
6.814662784858779364e-19
6.760789360277365147e-19
6.957839922837349061e-19
7.120201115334544249e-19
7.235367389300911504e-19
8.705354455402265816e-19
1.288990838068352618e-18
2.054279461134081904e-18
4.486323459243622134e-18
1.108122747428611012e-17
2.561969124142959110e-17
7.556746830398099055e-17
1.761754034408354760e-16
4.603381469025550497e-16
