7.446845956534081578e-21
1.900243618398411344e-20
4.833229981090156223e-20
1.143795692635363225e-19
2.008465434001597958e-19
3.581306110719688948e-19
4.912318728294164537e-19
4.741844346604166297e-19
4.273603256156581813e-19
4.182358593413511272e-19
4.291975445787617937e-19
4.582677370837313272e-19
4.269612042404908374e-19
4.484677506239362165e-19
4.601311031104858437e-19
4.606945121109822043e-19
4.565250673927062244e-19
4.734008782469055299e-19
4.805704281435439756e-19
4.817524123950746769e-19
5.840407400694748328e-19
8.864695203316912526e-19
1.337683756201572666e-18
2.956765399046359798e-18
7.015503135755966265e-18
1.678670066735083903e-17
5.325041059844020829e-17
1.219480986255473430e-16
3.190577161695286133e-16
