1.610262027560939352e-08
4.175318936560400459e-08
1.082636733874054085e-07
2.807216203941175899e-07
7.278953843983146336e-07
1.887391822135095515e-06
4.893900918477488569e-06
1.268961003167920871e-05
3.290344562312664238e-05
8.531678524172805317e-05
2.212216291070450108e-04
5.736152510448681375e-04
1.487352107293511911e-03
3.856620421163472427e-03
1.000000000000000021e-02
2.592943797404666934e-02
6.723357536499334486e-02
1.743328822199987360e-01
4.520353656360240335e-01
1.172102297533480497e+00
3.039195382313200966e+00
7.880462815669919685e+00
2.043359717856943547e+01
5.298316906283712768e+01
1.373823795883263870e+02
3.562247890262444230e+02
9.236708571873865594e+02
2.395026619987485901e+03
6.210169418915616006e+03
